5.1
07935	41,33
05080	40
00645	39,75
08090	39,5
05738	39,33
08349	39,2
08850	39
02202	38,25
09468	37,75
06866	36,75


5.2
BEM	54080
BIA	61614
BIE	56368
MOK	55889
OCH	59273
PRA	57241
REM	58971
SRO	58124
TAR	60234
URU	59597
URY	50116
WAW	57674
WES	60372
WIL	55476
WLO	66372
WOL	60523
ZOL	62312


5.3
Dzielnica	Suma I	Suma II	Suma III	Suma IV	Suma V	Suma VI	Suma VII	Suma VIII	Suma IX	Suma X	Suma XI	Suma XII	Max
BEM	2900	2911	2843	4658	4717	6443	8108	6399	4641	4673	2886	2901	8108
BIA	3308	3236	3354	5272	5273	7289	9274	7243	5332	5320	3334	3379	9274
BIE	3067	3016	3077	4825	4834	6654	8475	6675	4852	4817	3069	3007	8475
MOK	2979	2965	2977	4841	4801	6625	8452	6638	4801	4783	3048	2979	8452
OCH	3171	3176	3216	5107	5158	6998	8861	6981	5128	5057	3206	3214	8861
PRA	3076	3083	2990	4942	4909	6764	8575	6807	4972	5004	3027	3092	8575
REM	3216	3152	3135	5045	5090	6956	8873	7014	5046	5124	3187	3133	8873
SRO	3138	3109	3101	4972	5024	6875	8776	6839	5023	5020	3115	3132	8776
TAR	3205	3214	3226	5171	5176	7132	9120	7147	5176	5180	3243	3244	9120
URU	3318	3214	3176	5159	5121	7040	8960	6986	5091	5096	3241	3195	8960
URY	2685	2674	2680	4357	4339	5981	7519	5886	4342	4279	2711	2663	7519
WAW	3117	3104	3075	4920	5020	6835	8699	6836	4974	4928	3051	3115	8699
WES	3234	3267	3212	5193	5168	7131	9050	7108	5219	5198	3263	3329	9050
WIL	2972	2988	2988	4835	4789	6536	8284	6586	4745	4746	3029	2978	8284
WLO	3590	3556	3615	5749	5694	7803	9966	7909	5699	5754	3444	3593	9966
WOL	3203	3288	3201	5266	5192	7137	9117	7136	5236	5210	3250	3287	9117
ZOL	3366	3321	3329	5433	5322	7353	9417	7307	5346	5341	3412	3365	9417


5.4 Lipiec 2026
5.5 Lipiec 2035